[gd_scene load_steps=6 format=3 uid="uid://bxe2id32cgasa"]

[ext_resource type="Script" uid="uid://lilu71ualpig" path="res://aoe_attack.gd" id="1_v5u3v"]

[sub_resource type="TorusMesh" id="TorusMesh_83822"]
inner_radius = 0.8

[sub_resource type="BoxShape3D" id="BoxShape3D_8inbw"]
size = Vector3(1, 1, 0.44751)

[sub_resource type="PlaneMesh" id="PlaneMesh_v5u3v"]

[sub_resource type="StandardMaterial3D" id="StandardMaterial3D_v5u3v"]
albedo_color = Color(1, 0.54, 0.54, 1)

[node name="Aoe" type="Node3D"]
script = ExtResource("1_v5u3v")
Speed = null

[node name="LifeTime" type="Timer" parent="."]
one_shot = true
autostart = true

[node name="MeshInstance3D" type="MeshInstance3D" parent="."]
transform = Transform3D(1, 0, 0, 0, 0.1, 0, 0, 0, 1, 0, 0, 0)
mesh = SubResource("TorusMesh_83822")

[node name="Area3D" type="Area3D" parent="MeshInstance3D"]
transform = Transform3D(1.923, 0, 0, 0, 1, 0, 0, 0, 1.923, 0, 0.00658244, 0)

[node name="CollisionShape3D" type="CollisionShape3D" parent="MeshInstance3D/Area3D"]
transform = Transform3D(1, 0, 0, 0, 1, 0, 0, 0, 1, 0.0203533, 0, -0.773317)
shape = SubResource("BoxShape3D_8inbw")

[node name="CollisionShape3D4" type="CollisionShape3D" parent="MeshInstance3D/Area3D"]
transform = Transform3D(1, 0, 0, 0, 1, 0, 0, 0, 1, 0.02, 0, 0.773)
shape = SubResource("BoxShape3D_8inbw")

[node name="CollisionShape3D2" type="CollisionShape3D" parent="MeshInstance3D/Area3D"]
transform = Transform3D(-4.37114e-08, 0, 1, 0, 1, 0, -1, 0, -4.37114e-08, 0.769328, 0, 0)
shape = SubResource("BoxShape3D_8inbw")

[node name="CollisionShape3D3" type="CollisionShape3D" parent="MeshInstance3D/Area3D"]
transform = Transform3D(-4.37114e-08, 0, 1, 0, 1, 0, -1, 0, -4.37114e-08, -0.769, 0, 0)
shape = SubResource("BoxShape3D_8inbw")

[node name="CollisionShape3D5" type="CollisionShape3D" parent="MeshInstance3D/Area3D"]
transform = Transform3D(0.707107, 0, 0.707107, 0, 1, 0, -0.707107, 0, 0.707107, -0.531597, 0, -0.538114)
shape = SubResource("BoxShape3D_8inbw")

[node name="CollisionShape3D6" type="CollisionShape3D" parent="MeshInstance3D/Area3D"]
transform = Transform3D(0.707107, 0, 0.707107, 0, 1, 0, -0.707107, 0, 0.707107, 0.568371, 0, 0.490633)
shape = SubResource("BoxShape3D_8inbw")

[node name="CollisionShape3D7" type="CollisionShape3D" parent="MeshInstance3D/Area3D"]
transform = Transform3D(0.707107, 0, -0.707107, 0, 1, 0, 0.707107, 0, 0.707107, 0.512977, 0, -0.458979)
shape = SubResource("BoxShape3D_8inbw")

[node name="CollisionShape3D8" type="CollisionShape3D" parent="MeshInstance3D/Area3D"]
transform = Transform3D(0.707107, 0, -0.707107, 0, 1, 0, 0.707107, 0, 0.707107, -0.53862, 0, 0.538342)
shape = SubResource("BoxShape3D_8inbw")

[node name="Camera3D" type="Camera3D" parent="."]
transform = Transform3D(0.707107, -0.5, 0.5, 0, 0.707107, 0.707107, -0.707107, -0.5, 0.5, 1.97785, 2, 1.97966)
current = true
fov = 90.0

[node name="DirectionalLight3D" type="DirectionalLight3D" parent="."]
transform = Transform3D(1, 0, 0, 0, 0.0142937, 0.999898, 0, -0.999898, 0.0142937, 0, 3.69243, 0)

[node name="MeshInstance3D2" type="MeshInstance3D" parent="."]
transform = Transform3D(9.15107, 0, 0, 0, 9.15107, 0, 0, 0, 9.15107, 0, -0.884364, 0)
mesh = SubResource("PlaneMesh_v5u3v")
surface_material_override/0 = SubResource("StandardMaterial3D_v5u3v")

[connection signal="timeout" from="LifeTime" to="." method="_on_life_time_timeout"]
